42.3523597742518
42.3539375814409
42.3533746497526
42.3530020020586
42.3526689958669
42.3519078322318
42.3525659221643
42.3511308015128
42.3505519866732
42.3503775482791
42.3522725576238
42.3518761168802
42.3513448823635
42.3512358597992
42.351475709191
42.3505083771201
42.3505658624338
42.350153552813
42.3513052378165
42.3510039384424
42.3508295013025
42.3505955961961
42.3507541760243
42.3506352411907
42.3509880805406
42.3509722226348
42.3511347659797
42.351031689761
42.3505519866732
42.3505440576658
42.3506947086356
42.3502744708186
42.3503458321554
42.3508453592444
42.3497233999895
42.3510792634214
42.3508057143823
42.3500306523067
42.3519672984727
42.3516521267546
42.3516105001831
42.349616356894
42.3496956480933
42.3504171934112
42.3501178720456
42.349376500407
42.3493665889622
42.3494736324831
42.34910096166
42.3491564659652
42.3502387901198
42.3495648175607
42.3486648546999
42.3483397548157
42.3485697036883
42.3485419512828
42.3488987669911
42.3484586939928
42.3486569254544
42.3489740944928
42.3489027315987
42.3489027315987
42.3499216274628
42.3488710147308
42.3488948023832
42.3495212073227
42.3490969970649
42.3489701298897
42.3490771740857
42.3493190140055
42.3492000764563
42.3498304429027
42.353358792449
42.3520545155243
42.3520763197683
42.354191295483
