42.3598856544
42.3594822113
42.3595935363
42.3593274174
42.3593345066
42.3591490466
42.3594639819
42.3594834953
42.3589080622
42.3589170408
42.358319417
42.3604798571
42.3615766577
42.3616611783
42.3614075526
42.3611979486
42.3610840195
42.3620237975
42.3620071086
42.3620503996
42.3616640458
42.3616966922
42.3611451799
42.3612907653
42.3614312334
42.3618847852
42.3618676047
42.3609846403
42.3609540421
42.3608006322
42.3608204878
42.3608665468
42.3608266047
42.3608013414
42.3608095289
42.3606537833
42.3605208469
42.3605128274
42.3603920168
42.3598063613
42.3598606831
42.3603862472
42.3603338887
42.3603101921
42.3603356064
42.3606765099
42.3608452612
42.3612922461
42.3612761772
42.3611763338
42.3609573549
42.3609680284
42.3607550177
42.3607443476
42.3608045522
42.3603625645
42.3596338501
42.3597961206
42.3604098885
42.3602206589
42.354203972
42.3544066911
42.3549770508
42.3545943559
42.3555776507
42.3553399839
42.3561921471
42.3568960307
42.3569833938
42.3573800476
42.3580772036
42.3584459011
42.3584112102
42.358002853
42.3588774806
42.3587365143
42.3582646859
42.3588693925
42.3555152087
42.3579563175
42.3573811242
42.358384935
42.3588427113
42.3596899446
42.3603084422
42.3600133614
42.3604940409
42.3602984622
42.3601753055
42.3603415882
42.3619562994
42.3607537073
42.3633733211
42.3634131336
42.3623006529
42.363449823
42.3634449259
42.3593439532
42.3599478561
42.3594992484
42.3602013166
42.3612161052
42.3613824001
42.3611521969
42.3610402083
42.3616002973
42.3620417689
42.3616667261
42.361378462
42.3622700833
42.3609492616
42.3609823991
42.3609036749
42.361104625
42.3616334902
42.3619714629
42.3607727751
42.3599657425
42.3597400303
42.358305587
42.3615618077
42.3615363089
42.3625947292
42.3605067543
42.3613417156
42.3625845935
42.3626021622
42.3620824715
42.3548815718
42.3684382488
42.3683136396
42.3642188086
42.3638562934
42.3609186958
42.3602872726
42.359748161
42.3599201278
42.3595344107
42.3599296965
42.3600947631
42.3595234161
42.3568478467
42.3619126309
42.3612269002
42.3619700212
42.3578354011
42.3613448774
42.3618717086
42.3588909611
42.3673365204
42.3537977495
42.3550910292
42.3588299062
42.3586332933
42.3586408903
42.3585205039
42.358988825
42.3590139848
42.35910406
42.3598775597
42.3548212506
42.3554576096
42.3600566465
42.3601663242
42.3602984477
42.3610698044
42.3601236299
42.362199828
42.3553586621
42.3586326354
42.3548023581
42.3543493199
42.3547775596
42.3556592742
42.3554907978
42.3553803103
42.35517376
42.3550211618
42.3552740559
42.3594322224
42.3590320976
42.3622544187
42.3611405208
42.3637002722
42.3633186125
42.3684362379
42.3585568317
42.3581803944
42.3582185691
42.357096232
42.3600832829
42.358843854
42.3617741867
42.3604348222
42.3602129306
42.3606429435
42.3607483545
42.3602738689
42.3604941614
42.3582396939
42.3592394524
42.3593119693
42.3601328696
42.360982749
42.3623982167
42.3624810028
42.3624887744
42.3624874392
42.3620977302
42.3620911303
42.3617426359
42.3614921895
42.3608622808
42.3610532927
42.3609516058
42.3613755784
42.3614009971
