-71.1211967468262
-71.1207354068756
-71.1203759908676
-71.1203008890152
-71.1198878288269
-71.1202418804169
-71.1184287071228
-71.1179995536804
-71.1183428764343
-71.1177957057953
-71.1162400245667
-71.115574836731
-71.1155158281326
-71.114681661129
-71.1143678426743
-71.1158484220505
-71.1132144927979
-71.1112242937088
-71.1096900701523
-71.1100119352341
-71.1098885536194
-71.1090222001076
-71.1085098981857
-71.1083060503006
-71.1077320575714
-71.1074638366699
-71.1070346832275
-71.1068576574326
-71.1073780059814
-71.1066484451294
-71.1056023836136
-71.1047923564911
-71.1039555072784
-71.1029148101807
-71.102067232132
-71.1005437374115
-71.1003613471985
-71.1006671190262
-71.1165726184845
-71.1171868443489
-71.1176401376724
-71.1006510257721
-71.1003318428993
-71.0998785495758
-71.0998544096947
-71.0995915532112
-71.0980653762817
-71.0972285270691
-71.0965365171432
-71.0961771011353
-71.0970139503479
-71.0945785045624
-71.1003345251083
-71.1007100343704
-71.1008280515671
-71.1013644933701
-71.1010855436325
-71.1017024517059
-71.1028718948364
-71.1026358604431
-71.1029255390167
-71.1031079292297
-71.1076247692108
-71.1034512519836
-71.1037516593933
-71.1039233207703
-71.1047977209091
-71.1048996448517
-71.1052805185318
-71.1061951518059
-71.1066699028015
-71.1069622635841
-71.1077642440796
-71.1172538995743
-71.1156848073006
-71.1233961582184
