-71.0907132973
-71.0908953677
-71.0905980447
-71.0910715338
-71.0910478462
-71.0899948108
-71.0891123638
-71.0891188066
-71.092329645
-71.092295608
-71.0927724583
-71.0915544384
-71.0912665532
-71.091291813
-71.0911978179
-71.0905024394
-71.090437904
-71.0900599389
-71.0898283278
-71.0899428853
-71.0898801114
-71.0898799009
-71.0886443833
-71.0885572206
-71.088802822
-71.0887051618
-71.0884332579
-71.0885786358
-71.0885849056
-71.0892562135
-71.0892682287
-71.0893043607
-71.0894685544
-71.0894553603
-71.089478379
-71.0902541306
-71.0900995556
-71.0901238944
-71.0900870301
-71.0897580927
-71.0895853089
-71.0892248963
-71.0891900195
-71.0908841571
-71.090686058
-71.091074873
-71.0911709312
-71.0920156622
-71.092055839
-71.0920904826
-71.09281685
-71.0927791375
-71.0926457136
-71.0926846412
-71.093156631
-71.092704093
-71.0936875079
-71.0937338273
-71.0936096775
-71.0938355397
-71.1039987194
-71.1032681888
-71.1014665509
-71.1018928254
-71.0996508719
-71.0995762939
-71.0975542652
-71.095641631
-71.0952109256
-71.0945331758
-71.0934287805
-71.0940081545
-71.0949224252
-71.0946897061
-71.0944235599
-71.0948373247
-71.0959608447
-71.0962578986
-71.0968057681
-71.0994107431
-71.1008066038
-71.0999031787
-71.100341624
-71.098403288
-71.0969937933
-71.0979603181
-71.0980698733
-71.0977469223
-71.0980793701
-71.0983526642
-71.0970435247
-71.0953465721
-71.0934141138
-71.0929147341
-71.0910456169
-71.0927176533
-71.0923917269
-71.0886433125
-71.0883446234
-71.0869497631
-71.0868919974
-71.086822167
-71.0868291401
-71.0864092643
-71.0879560805
-71.0881518168
-71.0877195803
-71.0875077315
-71.0875414163
-71.0855586777
-71.0844522974
-71.0847622915
-71.0838428712
-71.0838499241
-71.0840489106
-71.0976388112
-71.0956206363
-71.0950010326
-71.0952999821
-71.0939289635
-71.0922657028
-71.0863492523
-71.0872302609
-71.0845856081
-71.086088644
-71.0921219974
-71.091408877
-71.0914440223
-71.1049507333
-71.0874606154
-71.0864638848
-71.0926320847
-71.0927925161
-71.0941676428
-71.1024647578
-71.1021166228
-71.1018580475
-71.1018428554
-71.1024132835
-71.1025877057
-71.0995283139
-71.0972853224
-71.0915506571
-71.0852013412
-71.0857494729
-71.0947551357
-71.0850260998
-71.0859884357
-71.1006424515
-71.0838181227
-71.1066483122
-71.1092347233
-71.1014854306
-71.1015376813
-71.1019410315
-71.1022475833
-71.1011690821
-71.1008071715
-71.1009777494
-71.0869788496
-71.1031783528
-71.1044624168
-71.0991379977
-71.0986896235
-71.0987690529
-71.0873845657
-71.0871485112
-71.0846107551
-71.1001022529
-71.0943913995
-71.1034652199
-71.104101184
-71.104852982
-71.099743378
-71.1001476496
-71.1003816802
-71.1010019611
-71.1012690371
-71.1006863238
-71.099462689
-71.0973417004
-71.0986534569
-71.0881613484
-71.0923905683
-71.0928565243
-71.0877637818
-71.094154254
-71.0938911745
-71.0934490031
-71.0953184949
-71.088439709
-71.09531169
-71.0972078106
-71.0868775747
-71.0875437462
-71.0868123499
-71.0868373565
-71.0876673975
-71.0869884572
-71.0911482815
-71.0934217404
-71.0934705257
-71.0923016494
-71.0918980222
-71.088653496
-71.0892490001
-71.0897722676
-71.0894079367
-71.0894708759
-71.0893599554
-71.0826346501
-71.08301874
-71.0827635335
-71.0826986128
-71.0830175217
-71.0827830888
-71.0826716421
